255 255 255 255 255 255 255 255 255 255 255 255 255 255 255 255
255 151 127 127 108 223 235 210 126 201 187 108 127 127 151 255
255 127 165 108 130 179 179 144 156 139 179 130 108 165 127 255
255 127 108  16 127 179  66  33  95 207 231 127  16 108 127 255
255 108 130 127  71 130 107 153 129  87 182  71 127 130 108 255
255 171 127 130 179 139  67 179 104  95 149 179 179 179 223 255
255 165 171 213 150  63 141 119 154  63 123  86 187 139 171 255
255 255 184 181 129  99 155 175 139  74 108  37 123 162 107 255
255 143  91  91 125  70 144 163 127 118 132  99  99  98 151 255
255 127 179 187  67  63 121 188 160  63 107  59  78 191 133 255
255 187 221 179 130 129 179 155  80 127  87 135  64 169 239 255
255 108 130 127  71 179 187 123 185 100 135 183  67  75  91 255
255 127 108  16 127 130 149  56  91 100   5  67  63  16 151 255
255 127 165 108 130 127 215 207 127 119  63 139  68 145 123 255
255 151 127 127 108 171 121 152 152 185 235 147  87 123 151 255
255 255 255 255 255 255 255 255 255 255 255 255 255 255 255 255
255 255 255 255 255 255 255 255 255 255 255 255 255 255 255 255
255 151 127 127 108 223 235 210 126 201 187 108 127 127 151 255
255 127 165 108 130 179 179 144 156 139 179 130 108 165 127 255
255 127 108  16 127 179  66  33  95 207 231 127  16 108 127 255
255 108 130 127  71 130 107 153 129  87 182  71 127 130 108 255
255 171 127 130 179 139  67 179 104  95 149 179 179 179 223 255
255 165 171 213 150  63 141 119 154  63 123  86 187 139 171 255
255 255 184 181 129  99 155 175 139  74 108  37 123 162 107 255
255 143  91  91 125  70 144 163 127 118 132  99  99  98 151 255
255 127 179 187  67  63 121 188 160  63 107  59  78 191 133 255
255 187 221 179 130 129 179 155  80 127  87 135  64 169 239 255
255 108 130 127  71 179 187 123 185 100 135 183  67  75  91 255
255 127 108  16 127 130 149  56  91 100   5  67  63  16 151 255
255 127 165 108 130 127 215 207 127 119  63 139  68 145 123 255
255 151 127 127 108 171 121 152 152 185 235 147  87 123 151 255
255 255 255 255 255 255 255 255 255 255 255 255 255 255 255 255
255 255 255 255 255 255 255 255 255 255 255 255 255 255 255 255
255 151 127 127 108 223 235 210 126 201 187 108 127 127 151 255
255 127 165 108 130 179 179 144 156 139 179 130 108 165 127 255
255 127 108  16 127 179  66  33  95 207 231 127  16 108 127 255
255 108 130 127  71 130 107 153 129  87 182  71 127 130 108 255
255 171 127 130 179 139  67 179 104  95 149 179 179 179 223 255
255 165 171 213 150  63 141 119 154  63 123  86 187 139 171 255
255 255 184 181 129  99 155 175 139  74 108  37 123 162 107 255
255 143  91  91 125  70 144 163 127 118 132  99  99  98 151 255
255 127 179 187  67  63 121 188 160  63 107  59  78 191 133 255
255 187 221 179 130 129 179 155  80 127  87 135  64 169 239 255
255 108 130 127  71 179 187 123 185 100 135 183  67  75  91 255
255 127 108  16 127 130 149  56  91 100   5  67  63  16 151 255
255 127 165 108 130 127 215 207 127 119  63 139  68 145 123 255
255 151 127 127 108 171 121 152 152 185 235 147  87 123 151 255
255 255 255 255 255 255 255 255 255 255 255 255 255 255 255 255

255 255 255 255 255 255 255 255 255 255 255 255 255 255 255 255
255 151 127 127 108 223 171 107 151 133 239  91 151 123 151 255
255 127 165 108 130 179 139 162  98 191 169  75  16 145 123 255
255 127 108  16 127 179 187 123  99  78  64  67  63  68  87 255
255 108 130 127  71 179  86  37  99  59 135 183  67 139 147 255
255 187 179 231 182 149 123 108 132 107  87 135   5  63 235 255
255 201 139 207  87  95  63  74 118  63 127 100 100 119 185 255
255 126 156  95 129 104 154 139 127 160  80 185  91 127 152 255
255 210 144  33 153 179 119 175 163 188 155 123  56 207 152 255
255 235 179  66 107  67 141 155 144 121 179 187 149 215 121 255
255 223 179 179 130 139  63  99  70  63 129 179 130 127 171 255
255 108 130 127  71 179 150 129 125  67 130  71 127 130 108 255
255 127 108  16 127 130 213 181  91 187 179 127  16 108 127 255
255 127 165 108 130 127 171 184  91 179 221 130 108 165 127 255
255 151 127 127 108 171 165 255 143 127 187 108 127 127 151 255
255 255 255 255 255 255 255 255 255 255 255 255 255 255 255 255
255 255 255 255 255 255 255 255 255 255 255 255 255 255 255 255
255 151 127 127 108 223 171 107 151 133 239  91 151 123 151 255
255 127 165 108 130 179 139 162  98 191 169  75  16 145 123 255
255 127 108  16 127 179 187 123  99  78  64  67  63  68  87 255
255 108 130 127  71 179  86  37  99  59 135 183  67 139 147 255
255 187 179 231 182 149 123 108 132 107  87 135   5  63 235 255
255 201 139 207  87  95  63  74 118  63 127 100 100 119 185 255
255 126 156  95 129 104 154 139 127 160  80 185  91 127 152 255
255 210 144  33 153 179 119 175 163 188 155 123  56 207 152 255
255 235 179  66 107  67 141 155 144 121 179 187 149 215 121 255
255 223 179 179 130 139  63  99  70  63 129 179 130 127 171 255
255 108 130 127  71 179 150 129 125  67 130  71 127 130 108 255
255 127 108  16 127 130 213 181  91 187 179 127  16 108 127 255
255 127 165 108 130 127 171 184  91 179 221 130 108 165 127 255
255 151 127 127 108 171 165 255 143 127 187 108 127 127 151 255
255 255 255 255 255 255 255 255 255 255 255 255 255 255 255 255
255 255 255 255 255 255 255 255 255 255 255 255 255 255 255 255
255 151 127 127 108 223 171 107 151 133 239  91 151 123 151 255
255 127 165 108 130 179 139 162  98 191 169  75  16 145 123 255
255 127 108  16 127 179 187 123  99  78  64  67  63  68  87 255
255 108 130 127  71 179  86  37  99  59 135 183  67 139 147 255
255 187 179 231 182 149 123 108 132 107  87 135   5  63 235 255
255 201 139 207  87  95  63  74 118  63 127 100 100 119 185 255
255 126 156  95 129 104 154 139 127 160  80 185  91 127 152 255
255 210 144  33 153 179 119 175 163 188 155 123  56 207 152 255
255 235 179  66 107  67 141 155 144 121 179 187 149 215 121 255
255 223 179 179 130 139  63  99  70  63 129 179 130 127 171 255
255 108 130 127  71 179 150 129 125  67 130  71 127 130 108 255
255 127 108  16 127 130 213 181  91 187 179 127  16 108 127 255
255 127 165 108 130 127 171 184  91 179 221 130 108 165 127 255
255 151 127 127 108 171 165 255 143 127 187 108 127 127 151 255
255 255 255 255 255 255 255 255 255 255 255 255 255 255 255 255

255 255 255 255 255 255 255 255 255 255 255 255 255 255 255 255
255 143 121  79 143 231 177 152 147 118 167 106 127 127 151 255
255 121 131  73 143  55 127 127 207 207 127 133  95 165 127 255
255 143  23  63  71   8  97  89  63 141 133 128  15 120 127 255
255  83  79  70 187 131 104 185 123 187 175  75 127 130 112 255
255 238 166  64 139  83 132  79 159 174 130 133 179 224 188 255
255 130 191  72  63 107  63 158 191 119  63  71 191 183 127 255
255 143  97 103 103 130 121 127 159 136  73 122  87  87 151 255
255 103 167 119  31 115  71 139 175 159  95 131 191 187 255 255
255 163 143 183  83 117  63 159 115 143  63 152 215 171 166 255
255 219 179 179 179 145  91 107 179  67 139 179 127 127 175 255
255 104 130 127  67 186  83 128 157 103 130  75 127 130 112 255
255 127 100  23 127 239 203  91  37  65 175 127   7 115 127 255
255 127 160 112 127 183 139 159 141 179 175 133 103 169 127 255
255 147 127 127 107 188 204 123 213 235 219 109 127 127 155 255
255 255 255 255 255 255 255 255 255 255 255 255 255 255 255 255
255 255 255 255 255 255 255 255 255 255 255 255 255 255 255 255
255 143 121  79 143 231 177 152 147 118 167 106 127 127 151 255
255 121 131  73 143  55 127 127 207 207 127 133  95 165 127 255
255 143  23  63  71   8  97  89  63 141 133 128  15 120 127 255
255  83  79  70 187 131 104 185 123 187 175  75 127 130 112 255
255 238 166  64 139  83 132  79 159 174 130 133 179 224 188 255
255 130 191  72  63 107  63 158 191 119  63  71 191 183 127 255
255 143  97 103 103 130 121 127 159 136  73 122  87  87 151 255
255 103 167 119  31 115  71 139 175 159  95 131 191 187 255 255
255 163 143 183  83 117  63 159 115 143  63 152 215 171 166 255
255 219 179 179 179 145  91 107 179  67 139 179 127 127 175 255
255 104 130 127  67 186  83 128 157 103 130  75 127 130 112 255
255 127 100  23 127 239 203  91  37  65 175 127   7 115 127 255
255 127 160 112 127 183 139 159 141 179 175 133 103 169 127 255
255 147 127 127 107 188 204 123 213 235 219 109 127 127 155 255
255 255 255 255 255 255 255 255 255 255 255 255 255 255 255 255
255 255 255 255 255 255 255 255 255 255 255 255 255 255 255 255
255 143 121  79 143 231 177 152 147 118 167 106 127 127 151 255
255 121 131  73 143  55 127 127 207 207 127 133  95 165 127 255
255 143  23  63  71   8  97  89  63 141 133 128  15 120 127 255
255  83  79  70 187 131 104 185 123 187 175  75 127 130 112 255
255 238 166  64 139  83 132  79 159 174 130 133 179 224 188 255
255 130 191  72  63 107  63 158 191 119  63  71 191 183 127 255
255 143  97 103 103 130 121 127 159 136  73 122  87  87 151 255
255 103 167 119  31 115  71 139 175 159  95 131 191 187 255 255
255 163 143 183  83 117  63 159 115 143  63 152 215 171 166 255
255 219 179 179 179 145  91 107 179  67 139 179 127 127 175 255
255 104 130 127  67 186  83 128 157 103 130  75 127 130 112 255
255 127 100  23 127 239 203  91  37  65 175 127   7 115 127 255
255 127 160 112 127 183 139 159 141 179 175 133 103 169 127 255
255 147 127 127 107 188 204 123 213 235 219 109 127 127 155 255
255 255 255 255 255 255 255 255 255 255 255 255 255 255 255 255

255 255 255 255 255 255 255 255 255 255 255 255 255 255 255 255
255 151 127 127 108 187 127 143 255 165 171 108 127 127 151 255
255 127 165 108 130 221 179  91 184 171 127 130 108 165 127 255
255 127 108  16 127 179 187  91 181 214 130 127  16 108 127 255
255 108 130 127  71 130  67 125 129 150 179  71 127 130 108 255
255 171 127 130 179 129  63  70  99  63 139 130 179 179 223 255
255 121 215 150 187 179 121 144 155 141  67 107  66 179 235 255
255 152 207  56 123 155 189 163 175 119 179 153  33 144 210 255
255 152 127  92 185  80 160 127 139 154 104 129  95 156 126 255
255 185 119 100 100 127  63 118  74  63  95  87 207 139 201 255
255 235  63   5 135  87 107 132 108 123 149 182 231 179 187 255
255 147 139  67 183 135  59  99  37  86 179  71 127 130 108 255
255  87  68  63  67  64  78  99 123 187 179 127  16 108 127 255
255 123 145  16  75 169 191  98 162 139 179 130 108 165 127 255
255 151 123 151  91 239 133 151 107 171 223 108 127 127 151 255
255 255 255 255 255 255 255 255 255 255 255 255 255 255 255 255
255 255 255 255 255 255 255 255 255 255 255 255 255 255 255 255
255 151 127 127 108 187 127 143 255 165 171 108 127 127 151 255
255 127 165 108 130 221 179  91 184 171 127 130 108 165 127 255
255 127 108  16 127 179 187  91 181 214 130 127  16 108 127 255
255 108 130 127  71 130  67 125 129 150 179  71 127 130 108 255
255 171 127 130 179 129  63  70  99  63 139 130 179 179 223 255
255 121 215 150 187 179 121 144 155 141  67 107  66 179 235 255
255 152 207  56 123 155 189 163 175 119 179 153  33 144 210 255
255 152 127  92 185  80 160 127 139 154 104 129  95 156 126 255
255 185 119 100 100 127  63 118  74  63  95  87 207 139 201 255
255 235  63   5 135  87 107 132 108 123 149 182 231 179 187 255
255 147 139  67 183 135  59  99  37  86 179  71 127 130 108 255
255  87  68  63  67  64  78  99 123 187 179 127  16 108 127 255
255 123 145  16  75 169 191  98 162 139 179 130 108 165 127 255
255 151 123 151  91 239 133 151 107 171 223 108 127 127 151 255
255 255 255 255 255 255 255 255 255 255 255 255 255 255 255 255
255 255 255 255 255 255 255 255 255 255 255 255 255 255 255 255
255 151 127 127 108 187 127 143 255 165 171 108 127 127 151 255
255 127 165 108 130 221 179  91 184 171 127 130 108 165 127 255
255 127 108  16 127 179 187  91 181 214 130 127  16 108 127 255
255 108 130 127  71 130  67 125 129 150 179  71 127 130 108 255
255 171 127 130 179 129  63  70  99  63 139 130 179 179 223 255
255 121 215 150 187 179 121 144 155 141  67 107  66 179 235 255
255 152 207  56 123 155 189 163 175 119 179 153  33 144 210 255
255 152 127  92 185  80 160 127 139 154 104 129  95 156 126 255
255 185 119 100 100 127  63 118  74  63  95  87 207 139 201 255
255 235  63   5 135  87 107 132 108 123 149 182 231 179 187 255
255 147 139  67 183 135  59  99  37  86 179  71 127 130 108 255
255  87  68  63  67  64  78  99 123 187 179 127  16 108 127 255
255 123 145  16  75 169 191  98 162 139 179 130 108 165 127 255
255 151 123 151  91 239 133 151 107 171 223 108 127 127 151 255
255 255 255 255 255 255 255 255 255 255 255 255 255 255 255 255
